40 40 40 0 0 54 0 0 9 0 0 27 0 0 0 0 28 0 0 0 
29 0 0 12 3 45 30 27 17 3 27 15 21 0 0 0 0 0 0 0 
103 73 40 0 0 48 42 0 50 0 63 24 14 0 70 63 63 0 0 0 
80 72 63 49 0 0 0 4 8 14 92 0 32 0 80 96 7 0 42 42 
63 49 49 0 0 21 0 0 8 0 0 0 1 0 16 80 0 7 49 45 
9 7 7 32 0 3 110 0 62 8 0 0 60 0 0 0 40 28 7 18 
90 70 124 42 0 30 60 0 0 12 0 0 0 0 0 12 6 0 106 96 
45 35 35 0 30 15 80 0 0 0 35 5 0 0 0 0 0 0 35 30 
77 0 99 0 9 93 90 173 48 0 145 24 8 0 17 68 18 0 0 81 
24 0 0 0 0 36 0 0 6 0 0 18 0 0 20 0 0 0 0 0 
0 0 18 18 0 81 12 2 4 8 10 0 15 0 0 9 2 0 12 39 
0 14 0 0 70 63 0 0 49 0 70 0 0 0 56 0 0 0 42 0 
0 0 54 0 0 0 0 90 0 0 54 0 0 0 9 0 0 0 0 0 
134 175 116 14 70 108 6 50 184 4 269 27 108 0 155 135 66 70 54 42 
0 0 0 0 0 0 0 0 0 0 0 0 0 0 0 0 0 0 0 0 
9 94 132 0 20 0 0 70 14 0 62 0 0 0 23 100 63 0 12 0 
38 20 20 0 0 54 40 0 9 0 0 27 0 0 6 50 14 0 0 0 
76 64 63 0 24 12 0 0 0 0 64 4 8 0 40 36 0 0 28 24 
27 0 10 0 9 45 90 81 36 0 81 0 0 0 0 0 0 0 0 0 
2 0 0 0 0 45 150 0 124 0 0 0 8 0 0 7 82 56 0 33 
